it;globalInnovationRate_person;ChangeExpBeta_person;ReRoute_person;TimeAllocationMutator_person;SubtourModeChoice_person
0;0.4500;0.5500;0.1500;0.1500;0.1500
1;0.4077;0.5923;0.1359;0.1359;0.1359
2;0.4073;0.5927;0.1358;0.1358;0.1358
3;0.4069;0.5931;0.1356;0.1356;0.1356
4;0.4065;0.5935;0.1355;0.1355;0.1355
5;0.4061;0.5939;0.1354;0.1354;0.1354
6;0.4057;0.5943;0.1352;0.1352;0.1352
7;0.4053;0.5947;0.1351;0.1351;0.1351
8;0.4049;0.5951;0.1350;0.1350;0.1350
9;0.4045;0.5955;0.1348;0.1348;0.1348
10;0.4041;0.5959;0.1347;0.1347;0.1347
11;0.4037;0.5963;0.1346;0.1346;0.1346
12;0.4033;0.5967;0.1344;0.1344;0.1344
13;0.4028;0.5972;0.1343;0.1343;0.1343
14;0.4024;0.5976;0.1341;0.1341;0.1341
15;0.4020;0.5980;0.1340;0.1340;0.1340
16;0.4016;0.5984;0.1339;0.1339;0.1339
17;0.4011;0.5989;0.1337;0.1337;0.1337
18;0.4007;0.5993;0.1336;0.1336;0.1336
19;0.4003;0.5997;0.1334;0.1334;0.1334
20;0.3998;0.6002;0.1333;0.1333;0.1333
21;0.3994;0.6006;0.1331;0.1331;0.1331
22;0.3989;0.6011;0.1330;0.1330;0.1330
23;0.3985;0.6015;0.1328;0.1328;0.1328
24;0.3980;0.6020;0.1327;0.1327;0.1327
25;0.3976;0.6024;0.1325;0.1325;0.1325
26;0.3971;0.6029;0.1324;0.1324;0.1324
27;0.3966;0.6034;0.1322;0.1322;0.1322
28;0.3961;0.6039;0.1320;0.1320;0.1320
29;0.3957;0.6043;0.1319;0.1319;0.1319
30;0.3952;0.6048;0.1317;0.1317;0.1317
31;0.3947;0.6053;0.1316;0.1316;0.1316
32;0.3942;0.6058;0.1314;0.1314;0.1314
33;0.3937;0.6063;0.1312;0.1312;0.1312
34;0.3932;0.6068;0.1311;0.1311;0.1311
35;0.3928;0.6072;0.1309;0.1309;0.1309
36;0.3923;0.6077;0.1308;0.1308;0.1308
37;0.3917;0.6083;0.1306;0.1306;0.1306
38;0.3912;0.6088;0.1304;0.1304;0.1304
39;0.3907;0.6093;0.1302;0.1302;0.1302
40;0.3902;0.6098;0.1301;0.1301;0.1301
41;0.3897;0.6103;0.1299;0.1299;0.1299
42;0.3892;0.6108;0.1297;0.1297;0.1297
43;0.3886;0.6114;0.1295;0.1295;0.1295
44;0.3881;0.6119;0.1294;0.1294;0.1294
45;0.3876;0.6124;0.1292;0.1292;0.1292
46;0.3870;0.6130;0.1290;0.1290;0.1290
47;0.3865;0.6135;0.1288;0.1288;0.1288
48;0.3860;0.6140;0.1287;0.1287;0.1287
49;0.3854;0.6146;0.1285;0.1285;0.1285
50;0.3849;0.6151;0.1283;0.1283;0.1283
51;0.3843;0.6157;0.1281;0.1281;0.1281
52;0.3837;0.6163;0.1279;0.1279;0.1279
53;0.3832;0.6168;0.1277;0.1277;0.1277
54;0.3826;0.6174;0.1275;0.1275;0.1275
55;0.3820;0.6180;0.1273;0.1273;0.1273
56;0.3815;0.6185;0.1272;0.1272;0.1272
57;0.3809;0.6191;0.1270;0.1270;0.1270
58;0.3803;0.6197;0.1268;0.1268;0.1268
59;0.3797;0.6203;0.1266;0.1266;0.1266
60;0.3791;0.6209;0.1264;0.1264;0.1264
61;0.3785;0.6215;0.1262;0.1262;0.1262
62;0.3779;0.6221;0.1260;0.1260;0.1260
63;0.3773;0.6227;0.1258;0.1258;0.1258
64;0.3767;0.6233;0.1256;0.1256;0.1256
65;0.3761;0.6239;0.1254;0.1254;0.1254
66;0.3755;0.6245;0.1252;0.1252;0.1252
67;0.3748;0.6252;0.1249;0.1249;0.1249
68;0.3742;0.6258;0.1247;0.1247;0.1247
69;0.3736;0.6264;0.1245;0.1245;0.1245
70;0.3730;0.6270;0.1243;0.1243;0.1243
71;0.3723;0.6277;0.1241;0.1241;0.1241
72;0.3717;0.6283;0.1239;0.1239;0.1239
73;0.3710;0.6290;0.1237;0.1237;0.1237
74;0.3704;0.6296;0.1235;0.1235;0.1235
75;0.3697;0.6303;0.1232;0.1232;0.1232
76;0.3691;0.6309;0.1230;0.1230;0.1230
77;0.3684;0.6316;0.1228;0.1228;0.1228
78;0.3677;0.6323;0.1226;0.1226;0.1226
79;0.3671;0.6329;0.1224;0.1224;0.1224
80;0.3664;0.6336;0.1221;0.1221;0.1221
81;0.3657;0.6343;0.1219;0.1219;0.1219
82;0.3650;0.6350;0.1217;0.1217;0.1217
83;0.3643;0.6357;0.1214;0.1214;0.1214
84;0.3637;0.6363;0.1212;0.1212;0.1212
85;0.3630;0.6370;0.1210;0.1210;0.1210
86;0.3623;0.6377;0.1208;0.1208;0.1208
87;0.3616;0.6384;0.1205;0.1205;0.1205
88;0.3608;0.6392;0.1203;0.1203;0.1203
89;0.3601;0.6399;0.1200;0.1200;0.1200
90;0.3594;0.6406;0.1198;0.1198;0.1198
91;0.3587;0.6413;0.1196;0.1196;0.1196
92;0.3580;0.6420;0.1193;0.1193;0.1193
93;0.3572;0.6428;0.1191;0.1191;0.1191
94;0.3565;0.6435;0.1188;0.1188;0.1188
95;0.3558;0.6442;0.1186;0.1186;0.1186
96;0.3550;0.6450;0.1183;0.1183;0.1183
97;0.3543;0.6457;0.1181;0.1181;0.1181
98;0.3535;0.6465;0.1178;0.1178;0.1178
99;0.3528;0.6472;0.1176;0.1176;0.1176
100;0.3520;0.6480;0.1173;0.1173;0.1173
101;0.3512;0.6488;0.1171;0.1171;0.1171
102;0.3505;0.6495;0.1168;0.1168;0.1168
103;0.3497;0.6503;0.1166;0.1166;0.1166
104;0.3489;0.6511;0.1163;0.1163;0.1163
105;0.3482;0.6518;0.1161;0.1161;0.1161
106;0.3474;0.6526;0.1158;0.1158;0.1158
107;0.3466;0.6534;0.1155;0.1155;0.1155
108;0.3458;0.6542;0.1153;0.1153;0.1153
109;0.3450;0.6550;0.1150;0.1150;0.1150
110;0.3442;0.6558;0.1147;0.1147;0.1147
111;0.3434;0.6566;0.1145;0.1145;0.1145
112;0.3426;0.6574;0.1142;0.1142;0.1142
113;0.3418;0.6582;0.1139;0.1139;0.1139
114;0.3409;0.6591;0.1136;0.1136;0.1136
115;0.3401;0.6599;0.1134;0.1134;0.1134
116;0.3393;0.6607;0.1131;0.1131;0.1131
117;0.3385;0.6615;0.1128;0.1128;0.1128
118;0.3376;0.6624;0.1125;0.1125;0.1125
119;0.3368;0.6632;0.1123;0.1123;0.1123
120;0.3359;0.6641;0.1120;0.1120;0.1120
121;0.3351;0.6649;0.1117;0.1117;0.1117
122;0.3342;0.6658;0.1114;0.1114;0.1114
123;0.3334;0.6666;0.1111;0.1111;0.1111
124;0.3325;0.6675;0.1108;0.1108;0.1108
125;0.3317;0.6683;0.1106;0.1106;0.1106
126;0.3308;0.6692;0.1103;0.1103;0.1103
127;0.3299;0.6701;0.1100;0.1100;0.1100
128;0.3291;0.6709;0.1097;0.1097;0.1097
129;0.3282;0.6718;0.1094;0.1094;0.1094
130;0.3273;0.6727;0.1091;0.1091;0.1091
131;0.3264;0.6736;0.1088;0.1088;0.1088
132;0.3255;0.6745;0.1085;0.1085;0.1085
133;0.3246;0.6754;0.1082;0.1082;0.1082
134;0.3237;0.6763;0.1079;0.1079;0.1079
135;0.3228;0.6772;0.1076;0.1076;0.1076
136;0.3219;0.6781;0.1073;0.1073;0.1073
137;0.3210;0.6790;0.1070;0.1070;0.1070
138;0.3201;0.6799;0.1067;0.1067;0.1067
139;0.3192;0.6808;0.1064;0.1064;0.1064
140;0.3182;0.6818;0.1061;0.1061;0.1061
141;0.3173;0.6827;0.1058;0.1058;0.1058
142;0.3164;0.6836;0.1055;0.1055;0.1055
143;0.3155;0.6845;0.1052;0.1052;0.1052
144;0.3145;0.6855;0.1048;0.1048;0.1048
145;0.3136;0.6864;0.1045;0.1045;0.1045
146;0.3126;0.6874;0.1042;0.1042;0.1042
147;0.3117;0.6883;0.1039;0.1039;0.1039
148;0.3107;0.6893;0.1036;0.1036;0.1036
149;0.3098;0.6902;0.1033;0.1033;0.1033
150;0.3088;0.6912;0.1029;0.1029;0.1029
151;0.3079;0.6921;0.1026;0.1026;0.1026
152;0.3069;0.6931;0.1023;0.1023;0.1023
153;0.3059;0.6941;0.1020;0.1020;0.1020
154;0.3050;0.6950;0.1017;0.1017;0.1017
155;0.3040;0.6960;0.1013;0.1013;0.1013
156;0.3030;0.6970;0.1010;0.1010;0.1010
157;0.3020;0.6980;0.1007;0.1007;0.1007
158;0.3011;0.6989;0.1004;0.1004;0.1004
159;0.3001;0.6999;0.1000;0.1000;0.1000
160;0.2991;0.7009;0.0997;0.0997;0.0997
161;0.2981;0.7019;0.0994;0.0994;0.0994
162;0.2971;0.7029;0.0990;0.0990;0.0990
163;0.2961;0.7039;0.0987;0.0987;0.0987
164;0.2951;0.7049;0.0984;0.0984;0.0984
165;0.2941;0.7059;0.0980;0.0980;0.0980
166;0.2931;0.7069;0.0977;0.0977;0.0977
167;0.2921;0.7079;0.0974;0.0974;0.0974
168;0.2911;0.7089;0.0970;0.0970;0.0970
169;0.2900;0.7100;0.0967;0.0967;0.0967
170;0.2890;0.7110;0.0963;0.0963;0.0963
171;0.2880;0.7120;0.0960;0.0960;0.0960
172;0.2870;0.7130;0.0957;0.0957;0.0957
173;0.2859;0.7141;0.0953;0.0953;0.0953
174;0.2849;0.7151;0.0950;0.0950;0.0950
175;0.2839;0.7161;0.0946;0.0946;0.0946
176;0.2828;0.7172;0.0943;0.0943;0.0943
177;0.2818;0.7182;0.0939;0.0939;0.0939
178;0.2808;0.7192;0.0936;0.0936;0.0936
179;0.2797;0.7203;0.0932;0.0932;0.0932
180;0.2787;0.7213;0.0929;0.0929;0.0929
181;0.2776;0.7224;0.0925;0.0925;0.0925
182;0.2766;0.7234;0.0922;0.0922;0.0922
183;0.2755;0.7245;0.0918;0.0918;0.0918
184;0.2745;0.7255;0.0915;0.0915;0.0915
185;0.2734;0.7266;0.0911;0.0911;0.0911
186;0.2724;0.7276;0.0908;0.0908;0.0908
187;0.2713;0.7287;0.0904;0.0904;0.0904
188;0.2702;0.7298;0.0901;0.0901;0.0901
189;0.2692;0.7308;0.0897;0.0897;0.0897
190;0.2681;0.7319;0.0894;0.0894;0.0894
191;0.2670;0.7330;0.0890;0.0890;0.0890
192;0.2660;0.7340;0.0887;0.0887;0.0887
193;0.2649;0.7351;0.0883;0.0883;0.0883
194;0.2638;0.7362;0.0879;0.0879;0.0879
195;0.2628;0.7372;0.0876;0.0876;0.0876
196;0.2617;0.7383;0.0872;0.0872;0.0872
197;0.2606;0.7394;0.0869;0.0869;0.0869
198;0.2595;0.7405;0.0865;0.0865;0.0865
199;0.2584;0.7416;0.0861;0.0861;0.0861
200;0.2574;0.7426;0.0858;0.0858;0.0858
201;0.2563;0.7437;0.0854;0.0854;0.0854
202;0.2552;0.7448;0.0851;0.0851;0.0851
203;0.2541;0.7459;0.0847;0.0847;0.0847
204;0.2530;0.7470;0.0843;0.0843;0.0843
205;0.2519;0.7481;0.0840;0.0840;0.0840
206;0.2508;0.7492;0.0836;0.0836;0.0836
207;0.2497;0.7503;0.0832;0.0832;0.0832
208;0.2487;0.7513;0.0829;0.0829;0.0829
209;0.2476;0.7524;0.0825;0.0825;0.0825
210;0.2465;0.7535;0.0822;0.0822;0.0822
211;0.2454;0.7546;0.0818;0.0818;0.0818
212;0.2443;0.7557;0.0814;0.0814;0.0814
213;0.2432;0.7568;0.0811;0.0811;0.0811
214;0.2421;0.7579;0.0807;0.0807;0.0807
215;0.2410;0.7590;0.0803;0.0803;0.0803
216;0.2399;0.7601;0.0800;0.0800;0.0800
217;0.2388;0.7612;0.0796;0.0796;0.0796
218;0.2377;0.7623;0.0792;0.0792;0.0792
219;0.2366;0.7634;0.0789;0.0789;0.0789
220;0.2355;0.7645;0.0785;0.0785;0.0785
221;0.2344;0.7656;0.0781;0.0781;0.0781
222;0.2333;0.7667;0.0778;0.0778;0.0778
223;0.2322;0.7678;0.0774;0.0774;0.0774
224;0.2311;0.7689;0.0770;0.0770;0.0770
225;0.2300;0.7700;0.0767;0.0767;0.0767
226;0.2289;0.7711;0.0763;0.0763;0.0763
227;0.2278;0.7722;0.0759;0.0759;0.0759
228;0.2267;0.7733;0.0756;0.0756;0.0756
229;0.2256;0.7744;0.0752;0.0752;0.0752
230;0.2245;0.7755;0.0748;0.0748;0.0748
231;0.2234;0.7766;0.0745;0.0745;0.0745
232;0.2223;0.7777;0.0741;0.0741;0.0741
233;0.2212;0.7788;0.0737;0.0737;0.0737
234;0.2201;0.7799;0.0734;0.0734;0.0734
235;0.2190;0.7810;0.0730;0.0730;0.0730
236;0.2179;0.7821;0.0726;0.0726;0.0726
237;0.2168;0.7832;0.0723;0.0723;0.0723
238;0.2157;0.7843;0.0719;0.0719;0.0719
239;0.2146;0.7854;0.0715;0.0715;0.0715
240;0.2135;0.7865;0.0712;0.0712;0.0712
241;0.2124;0.7876;0.0708;0.0708;0.0708
242;0.2113;0.7887;0.0704;0.0704;0.0704
243;0.2103;0.7897;0.0701;0.0701;0.0701
244;0.2092;0.7908;0.0697;0.0697;0.0697
245;0.2081;0.7919;0.0694;0.0694;0.0694
246;0.2070;0.7930;0.0690;0.0690;0.0690
247;0.2059;0.7941;0.0686;0.0686;0.0686
248;0.2048;0.7952;0.0683;0.0683;0.0683
249;0.2037;0.7963;0.0679;0.0679;0.0679
250;0.2026;0.7974;0.0675;0.0675;0.0675
251;0.2016;0.7984;0.0672;0.0672;0.0672
252;0.2005;0.7995;0.0668;0.0668;0.0668
253;0.1994;0.8006;0.0665;0.0665;0.0665
254;0.1983;0.8017;0.0661;0.0661;0.0661
255;0.1972;0.8028;0.0657;0.0657;0.0657
256;0.1962;0.8038;0.0654;0.0654;0.0654
257;0.1951;0.8049;0.0650;0.0650;0.0650
258;0.1940;0.8060;0.0647;0.0647;0.0647
259;0.1930;0.8070;0.0643;0.0643;0.0643
260;0.1919;0.8081;0.0640;0.0640;0.0640
261;0.1908;0.8092;0.0636;0.0636;0.0636
262;0.1898;0.8102;0.0633;0.0633;0.0633
263;0.1887;0.8113;0.0629;0.0629;0.0629
264;0.1876;0.8124;0.0625;0.0625;0.0625
265;0.1866;0.8134;0.0622;0.0622;0.0622
266;0.1855;0.8145;0.0618;0.0618;0.0618
267;0.1845;0.8155;0.0615;0.0615;0.0615
268;0.1834;0.8166;0.0611;0.0611;0.0611
269;0.1824;0.8176;0.0608;0.0608;0.0608
270;0.1813;0.8187;0.0604;0.0604;0.0604
271;0.1803;0.8197;0.0601;0.0601;0.0601
272;0.1792;0.8208;0.0597;0.0597;0.0597
273;0.1782;0.8218;0.0594;0.0594;0.0594
274;0.1772;0.8228;0.0591;0.0591;0.0591
275;0.1761;0.8239;0.0587;0.0587;0.0587
276;0.1751;0.8249;0.0584;0.0584;0.0584
277;0.1741;0.8259;0.0580;0.0580;0.0580
278;0.1730;0.8270;0.0577;0.0577;0.0577
279;0.1720;0.8280;0.0573;0.0573;0.0573
280;0.1710;0.8290;0.0570;0.0570;0.0570
281;0.1700;0.8300;0.0567;0.0567;0.0567
282;0.1689;0.8311;0.0563;0.0563;0.0563
283;0.1679;0.8321;0.0560;0.0560;0.0560
284;0.1669;0.8331;0.0556;0.0556;0.0556
285;0.1659;0.8341;0.0553;0.0553;0.0553
286;0.1649;0.8351;0.0550;0.0550;0.0550
287;0.1639;0.8361;0.0546;0.0546;0.0546
288;0.1629;0.8371;0.0543;0.0543;0.0543
289;0.1619;0.8381;0.0540;0.0540;0.0540
290;0.1609;0.8391;0.0536;0.0536;0.0536
291;0.1599;0.8401;0.0533;0.0533;0.0533
292;0.1589;0.8411;0.0530;0.0530;0.0530
293;0.1580;0.8420;0.0527;0.0527;0.0527
294;0.1570;0.8430;0.0523;0.0523;0.0523
295;0.1560;0.8440;0.0520;0.0520;0.0520
296;0.1550;0.8450;0.0517;0.0517;0.0517
297;0.1541;0.8459;0.0514;0.0514;0.0514
298;0.1531;0.8469;0.0510;0.0510;0.0510
299;0.1521;0.8479;0.0507;0.0507;0.0507
300;0.1512;0.8488;0.0504;0.0504;0.0504
301;0.1502;0.8498;0.0501;0.0501;0.0501
302;0.1493;0.8507;0.0498;0.0498;0.0498
303;0.1483;0.8517;0.0494;0.0494;0.0494
304;0.1474;0.8526;0.0491;0.0491;0.0491
305;0.1464;0.8536;0.0488;0.0488;0.0488
306;0.1455;0.8545;0.0485;0.0485;0.0485
307;0.1445;0.8555;0.0482;0.0482;0.0482
308;0.1436;0.8564;0.0479;0.0479;0.0479
309;0.1427;0.8573;0.0476;0.0476;0.0476
310;0.1418;0.8582;0.0473;0.0473;0.0473
311;0.1408;0.8592;0.0469;0.0469;0.0469
312;0.1399;0.8601;0.0466;0.0466;0.0466
313;0.1390;0.8610;0.0463;0.0463;0.0463
314;0.1381;0.8619;0.0460;0.0460;0.0460
315;0.1372;0.8628;0.0457;0.0457;0.0457
316;0.1363;0.8637;0.0454;0.0454;0.0454
317;0.1354;0.8646;0.0451;0.0451;0.0451
318;0.1345;0.8655;0.0448;0.0448;0.0448
319;0.1336;0.8664;0.0445;0.0445;0.0445
320;0.1327;0.8673;0.0442;0.0442;0.0442
321;0.1318;0.8682;0.0439;0.0439;0.0439
322;0.1309;0.8691;0.0436;0.0436;0.0436
323;0.1301;0.8699;0.0434;0.0434;0.0434
324;0.1292;0.8708;0.0431;0.0431;0.0431
325;0.1283;0.8717;0.0428;0.0428;0.0428
326;0.1275;0.8725;0.0425;0.0425;0.0425
327;0.1266;0.8734;0.0422;0.0422;0.0422
328;0.1258;0.8742;0.0419;0.0419;0.0419
329;0.1249;0.8751;0.0416;0.0416;0.0416
330;0.1241;0.8759;0.0414;0.0414;0.0414
331;0.1232;0.8768;0.0411;0.0411;0.0411
332;0.1224;0.8776;0.0408;0.0408;0.0408
333;0.1215;0.8785;0.0405;0.0405;0.0405
334;0.1207;0.8793;0.0402;0.0402;0.0402
335;0.1199;0.8801;0.0400;0.0400;0.0400
336;0.1191;0.8809;0.0397;0.0397;0.0397
337;0.1182;0.8818;0.0394;0.0394;0.0394
338;0.1174;0.8826;0.0391;0.0391;0.0391
339;0.1166;0.8834;0.0389;0.0389;0.0389
340;0.1158;0.8842;0.0386;0.0386;0.0386
341;0.1150;0.8850;0.0383;0.0383;0.0383
342;0.1142;0.8858;0.0381;0.0381;0.0381
343;0.1134;0.8866;0.0378;0.0378;0.0378
344;0.1126;0.8874;0.0375;0.0375;0.0375
345;0.1118;0.8882;0.0373;0.0373;0.0373
346;0.1111;0.8889;0.0370;0.0370;0.0370
347;0.1103;0.8897;0.0368;0.0368;0.0368
348;0.1095;0.8905;0.0365;0.0365;0.0365
349;0.1088;0.8912;0.0363;0.0363;0.0363
350;0.1080;0.8920;0.0360;0.0360;0.0360
351;0.1072;0.8928;0.0357;0.0357;0.0357
352;0.1065;0.8935;0.0355;0.0355;0.0355
353;0.1057;0.8943;0.0352;0.0352;0.0352
354;0.1050;0.8950;0.0350;0.0350;0.0350
355;0.1042;0.8958;0.0347;0.0347;0.0347
356;0.1035;0.8965;0.0345;0.0345;0.0345
357;0.1028;0.8972;0.0343;0.0343;0.0343
358;0.1020;0.8980;0.0340;0.0340;0.0340
359;0.1013;0.8987;0.0338;0.0338;0.0338
360;0.1006;0.8994;0.0335;0.0335;0.0335
361;0.0999;0.9001;0.0333;0.0333;0.0333
362;0.0992;0.9008;0.0331;0.0331;0.0331
363;0.0984;0.9016;0.0328;0.0328;0.0328
364;0.0977;0.9023;0.0326;0.0326;0.0326
365;0.0970;0.9030;0.0323;0.0323;0.0323
366;0.0963;0.9037;0.0321;0.0321;0.0321
367;0.0957;0.9043;0.0319;0.0319;0.0319
368;0.0950;0.9050;0.0317;0.0317;0.0317
369;0.0943;0.9057;0.0314;0.0314;0.0314
370;0.0936;0.9064;0.0312;0.0312;0.0312
371;0.0929;0.9071;0.0310;0.0310;0.0310
372;0.0923;0.9077;0.0308;0.0308;0.0308
373;0.0916;0.9084;0.0305;0.0305;0.0305
374;0.0909;0.9091;0.0303;0.0303;0.0303
375;0.0903;0.9097;0.0301;0.0301;0.0301
376;0.0896;0.9104;0.0299;0.0299;0.0299
377;0.0890;0.9110;0.0297;0.0297;0.0297
378;0.0883;0.9117;0.0294;0.0294;0.0294
379;0.0877;0.9123;0.0292;0.0292;0.0292
380;0.0870;0.9130;0.0290;0.0290;0.0290
381;0.0864;0.9136;0.0288;0.0288;0.0288
382;0.0858;0.9142;0.0286;0.0286;0.0286
383;0.0852;0.9148;0.0284;0.0284;0.0284
384;0.0845;0.9155;0.0282;0.0282;0.0282
385;0.0839;0.9161;0.0280;0.0280;0.0280
386;0.0833;0.9167;0.0278;0.0278;0.0278
387;0.0827;0.9173;0.0276;0.0276;0.0276
388;0.0821;0.9179;0.0274;0.0274;0.0274
389;0.0815;0.9185;0.0272;0.0272;0.0272
390;0.0809;0.9191;0.0270;0.0270;0.0270
391;0.0803;0.9197;0.0268;0.0268;0.0268
392;0.0797;0.9203;0.0266;0.0266;0.0266
393;0.0791;0.9209;0.0264;0.0264;0.0264
394;0.0785;0.9215;0.0262;0.0262;0.0262
395;0.0780;0.9220;0.0260;0.0260;0.0260
396;0.0774;0.9226;0.0258;0.0258;0.0258
397;0.0768;0.9232;0.0256;0.0256;0.0256
398;0.0763;0.9237;0.0254;0.0254;0.0254
399;0.0757;0.9243;0.0252;0.0252;0.0252
400;0.0751;0.9249;0.0250;0.0250;0.0250
401;0.0746;0.9254;0.0249;0.0249;0.0249
402;0.0740;0.9260;0.0247;0.0247;0.0247
403;0.0735;0.9265;0.0245;0.0245;0.0245
404;0.0730;0.9270;0.0243;0.0243;0.0243
405;0.0724;0.9276;0.0241;0.0241;0.0241
406;0.0719;0.9281;0.0240;0.0240;0.0240
407;0.0714;0.9286;0.0238;0.0238;0.0238
408;0.0708;0.9292;0.0236;0.0236;0.0236
409;0.0703;0.9297;0.0234;0.0234;0.0234
410;0.0698;0.9302;0.0233;0.0233;0.0233
411;0.0693;0.9307;0.0231;0.0231;0.0231
412;0.0688;0.9312;0.0229;0.0229;0.0229
413;0.0683;0.9317;0.0228;0.0228;0.0228
414;0.0677;0.9323;0.0226;0.0226;0.0226
415;0.0672;0.9328;0.0224;0.0224;0.0224
416;0.0668;0.9332;0.0223;0.0223;0.0223
417;0.0663;0.9337;0.0221;0.0221;0.0221
418;0.0658;0.9342;0.0219;0.0219;0.0219
419;0.0653;0.9347;0.0218;0.0218;0.0218
420;0.0648;0.9352;0.0216;0.0216;0.0216
421;0.0643;0.9357;0.0214;0.0214;0.0214
422;0.0639;0.9361;0.0213;0.0213;0.0213
423;0.0634;0.9366;0.0211;0.0211;0.0211
424;0.0629;0.9371;0.0210;0.0210;0.0210
425;0.0624;0.9376;0.0208;0.0208;0.0208
426;0.0620;0.9380;0.0207;0.0207;0.0207
427;0.0615;0.9385;0.0205;0.0205;0.0205
428;0.0611;0.9389;0.0204;0.0204;0.0204
429;0.0606;0.9394;0.0202;0.0202;0.0202
430;0.0602;0.9398;0.0201;0.0201;0.0201
431;0.0597;0.9403;0.0199;0.0199;0.0199
432;0.0593;0.9407;0.0198;0.0198;0.0198
433;0.0589;0.9411;0.0196;0.0196;0.0196
434;0.0584;0.9416;0.0195;0.0195;0.0195
435;0.0580;0.9420;0.0193;0.0193;0.0193
436;0.0576;0.9424;0.0192;0.0192;0.0192
437;0.0572;0.9428;0.0191;0.0191;0.0191
438;0.0567;0.9433;0.0189;0.0189;0.0189
439;0.0563;0.9437;0.0188;0.0188;0.0188
440;0.0559;0.9441;0.0186;0.0186;0.0186
441;0.0555;0.9445;0.0185;0.0185;0.0185
442;0.0551;0.9449;0.0184;0.0184;0.0184
443;0.0547;0.9453;0.0182;0.0182;0.0182
444;0.0543;0.9457;0.0181;0.0181;0.0181
445;0.0539;0.9461;0.0180;0.0180;0.0180
446;0.0535;0.9465;0.0178;0.0178;0.0178
447;0.0531;0.9469;0.0177;0.0177;0.0177
448;0.0527;0.9473;0.0176;0.0176;0.0176
449;0.0523;0.9477;0.0174;0.0174;0.0174
450;0.0520;0.9480;0.0173;0.0173;0.0173
451;0.0000;1.0000;0.0000;0.0000;0.0000
452;0.0000;1.0000;0.0000;0.0000;0.0000
453;0.0000;1.0000;0.0000;0.0000;0.0000
454;0.0000;1.0000;0.0000;0.0000;0.0000
455;0.0000;1.0000;0.0000;0.0000;0.0000
456;0.0000;1.0000;0.0000;0.0000;0.0000
457;0.0000;1.0000;0.0000;0.0000;0.0000
458;0.0000;1.0000;0.0000;0.0000;0.0000
459;0.0000;1.0000;0.0000;0.0000;0.0000
460;0.0000;1.0000;0.0000;0.0000;0.0000
461;0.0000;1.0000;0.0000;0.0000;0.0000
462;0.0000;1.0000;0.0000;0.0000;0.0000
463;0.0000;1.0000;0.0000;0.0000;0.0000
464;0.0000;1.0000;0.0000;0.0000;0.0000
465;0.0000;1.0000;0.0000;0.0000;0.0000
466;0.0000;1.0000;0.0000;0.0000;0.0000
467;0.0000;1.0000;0.0000;0.0000;0.0000
468;0.0000;1.0000;0.0000;0.0000;0.0000
469;0.0000;1.0000;0.0000;0.0000;0.0000
470;0.0000;1.0000;0.0000;0.0000;0.0000
471;0.0000;1.0000;0.0000;0.0000;0.0000
472;0.0000;1.0000;0.0000;0.0000;0.0000
473;0.0000;1.0000;0.0000;0.0000;0.0000
474;0.0000;1.0000;0.0000;0.0000;0.0000
475;0.0000;1.0000;0.0000;0.0000;0.0000
476;0.0000;1.0000;0.0000;0.0000;0.0000
477;0.0000;1.0000;0.0000;0.0000;0.0000
478;0.0000;1.0000;0.0000;0.0000;0.0000
479;0.0000;1.0000;0.0000;0.0000;0.0000
480;0.0000;1.0000;0.0000;0.0000;0.0000
481;0.0000;1.0000;0.0000;0.0000;0.0000
482;0.0000;1.0000;0.0000;0.0000;0.0000
483;0.0000;1.0000;0.0000;0.0000;0.0000
484;0.0000;1.0000;0.0000;0.0000;0.0000
485;0.0000;1.0000;0.0000;0.0000;0.0000
486;0.0000;1.0000;0.0000;0.0000;0.0000
487;0.0000;1.0000;0.0000;0.0000;0.0000
488;0.0000;1.0000;0.0000;0.0000;0.0000
489;0.0000;1.0000;0.0000;0.0000;0.0000
490;0.0000;1.0000;0.0000;0.0000;0.0000
491;0.0000;1.0000;0.0000;0.0000;0.0000
492;0.0000;1.0000;0.0000;0.0000;0.0000
493;0.0000;1.0000;0.0000;0.0000;0.0000
494;0.0000;1.0000;0.0000;0.0000;0.0000
495;0.0000;1.0000;0.0000;0.0000;0.0000
496;0.0000;1.0000;0.0000;0.0000;0.0000
497;0.0000;1.0000;0.0000;0.0000;0.0000
498;0.0000;1.0000;0.0000;0.0000;0.0000
499;0.0000;1.0000;0.0000;0.0000;0.0000
500;0.0000;1.0000;0.0000;0.0000;0.0000
